,Open,High,Low,Close,Volume,Tommorow_Close,Tommorow_Open,roc,rsi,ema,sma,wcp,squeeze,cci,rma,atr,std_dev,ema12,ema26,macd,signal,histogram,upper_band,lower_band,Date,day_of_week,Benefit
Open,1.0,0.9995522044563283,0.9992568846018364,0.9989796308301885,0.6459342915645466,0.9980597649372078,0.9989759087512831,0.00853613371973752,0.001537953949800874,0.998601946986457,0.9979469045629417,0.999371408794469,0.15209423749971407,-0.01975223102460434,0.9963990960159662,0.8975107915486644,0.7980491696840667,0.9981505827449073,0.9945122397257518,0.23632496436002684,0.25244421566537184,-0.01265923237758171,0.9945248800501904,0.9911033238890309,0.8013547933690048,-0.001595015856126982,-0.044646231963677493
High,0.9995522044563283,1.0,0.9991178609399249,0.9995585368339377,0.6516184013475399,0.9985936136705637,0.9995590582322117,0.013591024720859022,0.006921414517363869,0.9984324317544869,0.9977240925183732,0.9997417455978804,0.15285901051656342,-0.013775833051581775,0.9961487817281279,0.9013108249269994,0.8022959029957619,0.9979580445734847,0.9942171195998424,0.2381668364648539,0.2536972763589593,-0.010310789601960703,0.9949392377022419,0.9900549260747845,0.7995686932401886,-0.004194213312385176,-0.04545131656930806
Low,0.9992568846018364,0.9991178609399249,1.0,0.9994562227738601,0.635727188572314,0.9984612478229355,0.9994565065479579,0.014523494181560584,0.008289828453890093,0.9979325921327482,0.9971178956139192,0.999680177836577,0.15422973233074538,-0.01065181771055455,0.9956026876487805,0.8905738371527864,0.7916982941745404,0.9974357043496496,0.9936955554222086,0.2380637780163205,0.25187288331281965,-0.004433430083284338,0.992876330472949,0.9913375892399413,0.8042878173965886,0.001161664008980378,-0.046426896720651714
Close,0.9989796308301885,0.9995585368339377,0.9994562227738601,1.0,0.6446445666902023,0.9989831513923807,0.9999965787217998,0.018520424690405116,0.012286504708586988,0.9979535959077905,0.9971335994352954,0.9999323675988798,0.15534929449104248,-0.007802405351632993,0.9955432697332367,0.8964935192506651,0.7980695007149414,0.9974375761399907,0.9935754237917983,0.24029364646893395,0.25406167469989976,-0.003891225028953709,0.9938078063252666,0.9901663046382121,0.801573433838708,-0.0017722038797766783,-0.04687867019709909
Volume,0.6459342915645466,0.6516184013475399,0.635727188572314,0.6446445666902023,1.0,0.6442608340634062,0.6445860928513758,0.0364891619157117,0.032321120301491986,0.6443278923899072,0.6449732809364963,0.6443669950188454,0.1378850190833383,-0.003442599527206346,0.6408353822299704,0.6991321827291659,0.6603310291331859,0.6443611485268558,0.6385504718517225,0.2158256962184616,0.23780899065782443,-0.03643583342207272,0.6621724894019912,0.6117429590410259,0.6278076631405792,-0.07603868567036076,-0.03452134677032795
Tommorow_Close,0.9980597649372078,0.9985936136705637,0.9984612478229355,0.9989831513923807,0.6442608340634062,1.0,0.9989794131047339,0.01978540087051,0.01381315642233524,0.9969359185817398,0.9961135636227817,0.9989340806106685,0.15579984340310812,-0.005664038580578243,0.9944850820886159,0.8957430956967392,0.7977053006296847,0.9964127526353519,0.9924889606927968,0.240753743520146,0.2543859969701494,-0.0032831744129432953,0.9928818134391405,0.9890050456293493,0.8015708983243794,-0.00046566808155876725,-0.024504668793006293
Tommorow_Open,0.9989759087512831,0.9995590582322117,0.9994565065479579,0.9999965787217998,0.6445860928513758,0.9989794131047339,1.0,0.018784966784333928,0.012365537099883188,0.9979579606892455,0.9971361273374113,0.9999309862373176,0.1550047110568854,-0.00688990189721874,0.995552039660424,0.8965595290890276,0.7978315338469618,0.9974433436053812,0.9935848183805738,0.23973687071340422,0.25340820879184545,-0.003600364434778108,0.9938052445356427,0.99015480928257,0.8013523585295835,-0.0018098685596129958,-0.04621283441431466
roc,0.00853613371973752,0.013591024720859022,0.014523494181560584,0.018520424690405116,0.0364891619157117,0.01978540087051,0.018784966784333928,1.0,0.7910585121584472,-0.019758661794445943,-0.025447886245788552,0.016288167334386237,0.5223929756702558,0.7260596842192731,-0.0402084198770236,-0.05624461743899295,0.01947366436976616,-0.025547806362172458,-0.0496974394890911,0.4365090195644932,0.2915412716464818,0.5751310371508995,-0.022435552998872368,-0.036349893450396326,-0.019563861101379202,-0.009808675641217431,-0.0008080131811980862
rsi,0.001537953949800874,0.006921414517363869,0.008289828453890093,0.012286504708586988,0.032321120301491986,0.01381315642233524,0.012365537099883188,0.7910585121584472,1.0,-0.02459287665582586,-0.02805438701950405,0.009941791788211262,0.5272758212482646,0.7941605519424062,-0.04818597104652341,-0.07662602506438342,0.012570852805309493,-0.030673816862945208,-0.06152984734317346,0.5578234549430093,0.4672543656273672,0.4106501263783998,-0.026861980326767683,-0.0395100920562805,-0.02747956476692892,-0.009436579934253847,0.02251893082387054
ema,0.998601946986457,0.9984324317544869,0.9979325921327482,0.9979535959077905,0.6443278923899072,0.9969359185817398,0.9979579606892455,-0.019758661794445943,-0.02459287665582586,1.0,0.9998425646833191,0.9982488034056362,0.11718779981644618,-0.045894273576762144,0.9992394182311151,0.9025241471155798,0.7969137393203656,0.9999515372077256,0.9980219301119927,0.2052737447227659,0.23139222183864802,-0.052497482639187854,0.9960395347832803,0.9934904290425354,0.8028208696895319,-0.001177531582587955,-0.04574919224972764
sma,0.9979469045629417,0.9977240925183732,0.9971178956139192,0.9971335994352954,0.6449732809364963,0.9961135636227817,0.9971361273374113,-0.025447886245788552,-0.02805438701950405,0.9998425646833191,1.0,0.9974585048726253,0.117699873254913,-0.052571407614072696,0.9991108302147501,0.902530871895424,0.7971439961287267,0.9998244866696442,0.9978400921644286,0.20625239416094557,0.23530480301542503,-0.06237037265046289,0.9962120688837851,0.9936280941746416,0.8021184298967842,-0.001169869644399033,-0.04534543843835119
wcp,0.999371408794469,0.9997417455978804,0.999680177836577,0.9999323675988798,0.6443669950188454,0.9989340806106685,0.9999309862373176,0.016288167334386237,0.009941791788211262,0.9982488034056362,0.9974585048726253,1.0,0.1544671308506575,-0.010026368958905811,0.9958900588471583,0.8964411275997669,0.797738766262317,0.9977476605428216,0.9939455833660551,0.23924856461656036,0.2534797176697736,-0.005665696786665194,0.9940478037530948,0.9906008507370847,0.801865628354179,-0.0016760851398802032,-0.04641181659187148
squeeze,0.15209423749971407,0.15285901051656342,0.15422973233074538,0.15534929449104248,0.1378850190833383,0.15579984340310812,0.1550047110568854,0.5223929756702558,0.5272758212482646,0.11718779981644618,0.117699873254913,0.1544671308506575,1.0,0.3572546468580675,0.08170704938576144,0.013317352223461995,0.16319555213510317,0.10798242357289232,0.06286829425973325,0.8412966899816716,0.6932830198197564,0.6584422575793664,0.12713120141139314,0.10385302406032451,0.06811230259745892,0.0007881267226601523,-0.0038977560280105167
cci,-0.01975223102460434,-0.013775833051581775,-0.01065181771055455,-0.007802405351632993,-0.003442599527206346,-0.005664038580578243,-0.00688990189721874,0.7260596842192731,0.7941605519424062,-0.045894273576762144,-0.052571407614072696,-0.010026368958905811,0.3572546468580675,1.0,-0.06158350120777426,-0.0809505529071242,-0.029679249404346797,-0.05043402391472756,-0.06862988462641506,0.3234859204241021,0.19976540753272704,0.4820027589948276,-0.05274909387482585,-0.05728991214199717,-0.028860464258047596,-0.015286064081497729,0.002671655842847906
rma,0.9963990960159662,0.9961487817281279,0.9956026876487805,0.9955432697332367,0.6408353822299704,0.9944850820886159,0.995552039660424,-0.0402084198770236,-0.04818597104652341,0.9992394182311151,0.9991108302147501,0.9958900588471583,0.08170704938576144,-0.06158350120777426,1.0,0.9053718475737121,0.7933258507472575,0.9995670008095199,0.9996889469802712,0.16775310608407049,0.19772997745495294,-0.07246899637816281,0.9948750231876329,0.9933205499884601,0.8040739804408689,-0.0010671113835458224,-0.045674731647859845
atr,0.8975107915486644,0.9013108249269994,0.8905738371527864,0.8964935192506651,0.6991321827291659,0.8957430956967392,0.8965595290890276,-0.05624461743899295,-0.07662602506438342,0.9025241471155798,0.902530871895424,0.8964411275997669,0.013317352223461995,-0.0809505529071242,0.9053718475737121,1.0,0.8880241420466668,0.9034054119986208,0.9060332724149334,0.10562439298744138,0.14592525254705813,-0.1190154205368691,0.9231537628720735,0.8650052540296616,0.6311695896622569,-0.002401529556743094,-0.03882196744206985
std_dev,0.7980491696840667,0.8022959029957619,0.7916982941745404,0.7980695007149414,0.6603310291331859,0.7977053006296847,0.7978315338469618,0.01947366436976616,0.012570852805309493,0.7969137393203656,0.7971439961287267,0.797738766262317,0.16319555213510317,-0.029679249404346797,0.7933258507472575,0.8880241420466668,1.0,0.7961428638031958,0.790768403461423,0.23309999363457357,0.24537086648547932,-5.4566036485935976e-05,0.8466281497823068,0.724012477771585,0.5825015754768762,-0.0012286294135692255,-0.03208371812609615
ema12,0.9981505827449073,0.9979580445734847,0.9974357043496496,0.9974375761399907,0.6443611485268558,0.9964127526353519,0.9974433436053812,-0.025547806362172458,-0.030673816862945208,0.9999515372077256,0.9998244866696442,0.9977476605428216,0.10798242357289232,-0.05043402391472756,0.9995670008095199,0.9034054119986208,0.7961428638031958,1.0,0.9985595583232378,0.19647412394607502,0.22404836683517856,-0.059070377455288745,0.9959125107581024,0.9936135845256878,0.8031159001834725,-0.0010156706686150548,-0.044729853872088145
ema26,0.9945122397257518,0.9942171195998424,0.9936955554222086,0.9935754237917983,0.6385504718517225,0.9924889606927968,0.9935848183805738,-0.0496974394890911,-0.06152984734317346,0.9980219301119927,0.9978400921644286,0.9939455833660551,0.06286829425973325,-0.06862988462641506,0.9996889469802712,0.9060332724149334,0.790768403461423,0.9985595583232378,1.0,0.14358236532805438,0.17355716892122677,-0.07681641598923766,0.9933817401383264,0.992339834494402,0.8051599443428376,-0.0009090534006311791,-0.044837782923209515
macd,0.23632496436002684,0.2381668364648539,0.2380637780163205,0.24029364646893395,0.2158256962184616,0.240753743520146,0.23973687071340422,0.4365090195644932,0.5578234549430093,0.2052737447227659,0.20625239416094557,0.23924856461656036,0.8412966899816716,0.3234859204241021,0.16775310608407049,0.10562439298744138,0.23309999363457357,0.19647412394607502,0.14358236532805438,1.0,0.9608227630742968,0.31424888481519736,0.21521649855291522,0.19192608681883608,0.0992969464247037,-0.0021211930797970513,-0.005638471931235739
signal,0.25244421566537184,0.2536972763589593,0.25187288331281965,0.25406167469989976,0.23780899065782443,0.2543859969701494,0.25340820879184545,0.2915412716464818,0.4672543656273672,0.23139222183864802,0.23530480301542503,0.2534797176697736,0.6932830198197564,0.19976540753272704,0.19772997745495294,0.14592525254705813,0.24537086648547932,0.22404836683517856,0.17355716892122677,0.9608227630742968,1.0,0.038814888192963685,0.24262978125337709,0.22287640213906001,0.10262105578383941,-0.0005441812432485461,-0.0006781409526050272
histogram,-0.01265923237758171,-0.010310789601960703,-0.004433430083284338,-0.003891225028953709,-0.03643583342207272,-0.0032831744129432953,-0.003600364434778108,0.5751310371508995,0.4106501263783998,-0.052497482639187854,-0.06237037265046289,-0.005665696786665194,0.6584422575793664,0.4820027589948276,-0.07246899637816281,-0.1190154205368691,-5.4566036485935976e-05,-0.059070377455288745,-0.07681641598923766,0.31424888481519736,0.038814888192963685,1.0,-0.055137034188739525,-0.07144501938914562,0.006493567194706041,-0.0057835216170959184,-0.018005385713577075
upper_band,0.9945248800501904,0.9949392377022419,0.992876330472949,0.9938078063252666,0.6621724894019912,0.9928818134391405,0.9938052445356427,-0.022435552998872368,-0.026861980326767683,0.9960395347832803,0.9962120688837851,0.9940478037530948,0.12713120141139314,-0.05274909387482585,0.9948750231876329,0.9231537628720735,0.8466281497823068,0.9959125107581024,0.9933817401383264,0.21521649855291522,0.24262978125337709,-0.055137034188739525,1.0,0.9800635085439323,0.7908015986725427,-0.0012139869199229666,-0.04547595367950421
lower_band,0.9911033238890309,0.9900549260747845,0.9913375892399413,0.9901663046382121,0.6117429590410259,0.9890050456293493,0.99015480928257,-0.036349893450396326,-0.0395100920562805,0.9934904290425354,0.9936280941746416,0.9906008507370847,0.10385302406032451,-0.05728991214199717,0.9933205499884601,0.8650052540296616,0.724012477771585,0.9936135845256878,0.992339834494402,0.19192608681883608,0.22287640213906001,-0.07144501938914562,0.9800635085439323,1.0,0.8075211060586431,-0.0011148054908779782,-0.04696521642120777
Date,0.8013547933690048,0.7995686932401886,0.8042878173965886,0.801573433838708,0.6278076631405792,0.8015708983243794,0.8013523585295835,-0.019563861101379202,-0.02747956476692892,0.8028208696895319,0.8021184298967842,0.801865628354179,0.06811230259745892,-0.028860464258047596,0.8040739804408689,0.6311695896622569,0.5825015754768762,0.8031159001834725,0.8051599443428376,0.0992969464247037,0.10262105578383941,0.006493567194706041,0.7908015986725427,0.8075211060586431,1.0,-0.0007199960462280819,-0.032996605673657656
day_of_week,-0.001595015856126982,-0.004194213312385176,0.001161664008980378,-0.0017722038797766783,-0.07603868567036076,-0.00046566808155876725,-0.0018098685596129958,-0.009808675641217431,-0.009436579934253847,-0.001177531582587955,-0.001169869644399033,-0.0016760851398802032,0.0007881267226601523,-0.015286064081497729,-0.0010671113835458224,-0.002401529556743094,-0.0012286294135692255,-0.0010156706686150548,-0.0009090534006311791,-0.0021211930797970513,-0.0005441812432485461,-0.0057835216170959184,-0.0012139869199229666,-0.0011148054908779782,-0.0007199960462280819,1.0,0.018477937713283266
Benefit,-0.044646231963677493,-0.04545131656930806,-0.046426896720651714,-0.04687867019709909,-0.03452134677032795,-0.024504668793006293,-0.04621283441431466,-0.0008080131811980862,0.02251893082387054,-0.04574919224972764,-0.04534543843835119,-0.04641181659187148,-0.0038977560280105167,0.002671655842847906,-0.045674731647859845,-0.03882196744206985,-0.03208371812609615,-0.044729853872088145,-0.044837782923209515,-0.005638471931235739,-0.0006781409526050272,-0.018005385713577075,-0.04547595367950421,-0.04696521642120777,-0.032996605673657656,0.018477937713283266,1.0
