,Open,High,Low,Close,Adj Close,Volume,Next_Hour_Close,Next_Hour_Open,roc,rsi,sma,wcp,squeeze,cci,rma,atr,std_dev,ema7,ema14,ema21,ema30,ema12,ema6,ema24,ema48,ema72,std_7,std_14,std_21,std_30,mean_7,mean_14,mean_21,mean_30,stdp7,stdn7,stdp14,stdn14,stdp21,stdn21,stdp30,stdn30,min,max,ema26,macd,signal,histogram,upper_band,lower_band,Date,day_of_week,day_of_month,Benefit
Open,1.0,0.9999584277962632,0.9999455640084952,0.9999174698575802,0.9999174698575802,0.060711002363710874,0.9998343336992676,0.9999159947928115,0.013217123604342896,0.03506073551015395,0.9998288258324821,0.9999501569539225,0.030812930232184656,0.026296640407860287,0.9997135691723747,0.7744411507949834,0.5859209711488198,0.9998835627817009,0.9998096085620429,0.9996744749013976,0.9994980933223103,0.9998471562962656,0.999948136370153,0.999615901484282,0.9991396390915586,0.9986519585002627,0.5099928080173146,0.5434607514527258,0.5659143397133707,0.5859209711488198,0.9999039478740512,0.9997224876030898,0.9995322272152636,0.9992889552885669,0.9998545987139824,0.999859463119869,0.9996464590688459,0.999640504675841,0.9994441769707271,0.9994046923070401,0.9991870253261401,0.9991076603638602,0.9989711925920591,0.9991508637206279,0.9995772399286641,0.04958388982254475,0.05322772453338169,-0.0015860195085516278,0.9993069629201844,0.9992225473335374,0.9197962860890639,-0.0023890302364915116,0.019819461860068596,-0.0026444471743669344
High,0.9999584277962632,1.0,0.9999224829960055,0.9999578352149969,0.9999578352149969,0.0633850842284925,0.9998753007370136,0.9999568202980433,0.015223761741993818,0.03708002055953859,0.9997971851785701,0.9999750275140209,0.030920121996431783,0.028733979208356037,0.999686229232698,0.7765466465516595,0.5877812399258995,0.9998589799431418,0.9997827222632594,0.9996472714243037,0.9994724140840721,0.999821081029939,0.9999307886323393,0.9995891086214852,0.9991178497079257,0.9986353822952472,0.5128617937285816,0.5457044481193305,0.5679146553397011,0.5877812399258995,0.9998753161364022,0.9996889334229857,0.9995007058156798,0.9992625521864265,0.9998582683599367,0.9997981591738825,0.9996465045160836,0.9995728048755079,0.9994481934133949,0.9993369183141964,0.999199012014621,0.9990419340859318,0.9988769506679929,0.9992038802118482,0.9995508015002781,0.04960854430729764,0.052844092267143795,-0.00031677532092426393,0.9993512018585388,0.9991111781823333,0.919676873750584,-0.003449190325619682,0.019593722463457256,-0.002941218302081238
Low,0.9999455640084952,0.9999224829960055,1.0,0.9999576135495652,0.9999576135495652,0.05757469759850384,0.9998756341399014,0.9999557810155214,0.015674093662740606,0.03758132855565884,0.9997689935445637,0.9999747636127144,0.0317603030273423,0.029243911625199744,0.9996480751569266,0.7720569318198857,0.583900672908869,0.9998330500206262,0.9997508347908917,0.9996069659998075,0.9994237447769252,0.9997920501109606,0.9999122963415135,0.9995457317919954,0.9990569048206294,0.9985618349957794,0.5066893097818681,0.5409868457500264,0.5638232922525824,0.583900672908869,0.9998510947545155,0.9996563358895312,0.9994573994035401,0.9992079389137914,0.9997650466577235,0.9998437383076805,0.9995441010266091,0.9996111639408158,0.9993332833156072,0.9993666789392007,0.9990656440910838,0.9990680213576228,0.9989919937808578,0.9990143795608557,0.999505550814315,0.05073192984336749,0.05383207662309196,0.0003222812035731946,0.9991670053221834,0.9992470202346957,0.9199857769804856,-0.0012699986688701854,0.020165892504985388,-0.0029859222861863257
Close,0.9999174698575802,0.9999578352149969,0.9999576135495652,1.0,1.0,0.06081176532830754,0.999916750429126,0.9999988378550829,0.016916584232945064,0.03889310880697747,0.9997641673169568,0.9999942766135271,0.03147115602650376,0.030457916381010405,0.9996492386330221,0.7744692070474222,0.5860000001465324,0.9998321465650163,0.9997504245496479,0.9996088153774239,0.9994285998144827,0.9997912341809664,0.9999136226236296,0.9995486259920879,0.9990664707829896,0.9985763133001402,0.5099474280107283,0.5435448041500713,0.566046664654869,0.5860000001465324,0.9998463250013964,0.9996529387921432,0.9994586567623389,0.9992146237576909,0.9997967995770728,0.9998020239901473,0.9995787255654,0.9995691218492733,0.9993736763573567,0.999328005680291,0.9991152106316891,0.9990307715622039,0.9989161769279392,0.999103666735107,0.9995091145341529,0.05042816513870522,0.05334587680362986,0.0008278477925284011,0.9992470773498843,0.9991529843121796,0.9198146162601152,-0.0024461235666218975,0.019863783532955096,-0.0033902347187641656
Adj Close,0.9999174698575802,0.9999578352149969,0.9999576135495652,1.0,1.0,0.06081176532830754,0.999916750429126,0.9999988378550829,0.016916584232945064,0.03889310880697747,0.9997641673169568,0.9999942766135271,0.03147115602650376,0.030457916381010405,0.9996492386330221,0.7744692070474222,0.5860000001465324,0.9998321465650163,0.9997504245496479,0.9996088153774239,0.9994285998144827,0.9997912341809664,0.9999136226236296,0.9995486259920879,0.9990664707829896,0.9985763133001402,0.5099474280107283,0.5435448041500713,0.566046664654869,0.5860000001465324,0.9998463250013964,0.9996529387921432,0.9994586567623389,0.9992146237576909,0.9997967995770728,0.9998020239901473,0.9995787255654,0.9995691218492733,0.9993736763573567,0.999328005680291,0.9991152106316891,0.9990307715622039,0.9989161769279392,0.999103666735107,0.9995091145341529,0.05042816513870522,0.05334587680362986,0.0008278477925284011,0.9992470773498843,0.9991529843121796,0.9198146162601152,-0.0024461235666218975,0.019863783532955096,-0.0033902347187641656
Volume,0.060711002363710874,0.0633850842284925,0.05757469759850384,0.06081176532830754,0.06081176532830754,1.0,0.06087582861827406,0.06084170181565095,0.018441658191571366,0.04243301009181933,0.06146911973166618,0.060652508594155524,-0.005455994438267257,0.023567660801724986,0.06153634121212711,0.16625692071312353,0.17452876372946693,0.061421506777259376,0.061413482581361346,0.06202516644684182,0.06211052438849716,0.061419220179986925,0.06130164820300573,0.06211624976012814,0.06216226273582865,0.061655882618762786,0.32448678736070913,0.2485021136491566,0.21470777541196376,0.17452876372946693,0.06144277251001618,0.06142750004515287,0.062036359215538094,0.06221134397961156,0.06472338573887323,0.05811842176483297,0.064617898396249,0.05817496466899242,0.06519294517418468,0.0588021865283136,0.06503022114811569,0.059305588204352847,0.056733757259317626,0.06738317270943496,0.06124198896458646,-0.006932122583283796,-0.0037462813330403437,-0.011222136752290453,0.06753756755128706,0.0560859194277394,0.03765500425622759,-0.13628704711323752,-0.01368973953953379,-0.0048107462829980385
Next_Hour_Close,0.9998343336992676,0.9998753007370136,0.9998756341399014,0.999916750429126,0.999916750429126,0.06087582861827406,1.0,0.9999174650838087,0.01700176836470661,0.03909265731041006,0.9996810531616416,0.9999115219305209,0.0315688922947367,0.030753406696912997,0.9995668791141117,0.7746160002939315,0.5861360920400217,0.9997492215390029,0.9996676762010815,0.9995266639266496,0.9993470278641366,0.9997083794031631,0.9998306866165962,0.9994666763607365,0.9989851766652298,0.9984947488785163,0.5100433197087769,0.5437292886589299,0.5662200260320748,0.5861360920400217,0.9997637447076303,0.9995695345237446,0.9993753845527966,0.9991339145989537,0.9997158141100563,0.9997178283751383,0.9994983856616441,0.9994826043881067,0.9992941776255974,0.9992408805273492,0.9990377916939727,0.998946694067004,0.9988310888624694,0.9990311372104418,0.9994272845784204,0.050398375981135966,0.05326110916007558,0.0009911451457692152,0.999170564272542,0.9990629893298529,0.9198163848916109,-0.002529929148823071,0.01981940861389019,0.003722666688091339
Next_Hour_Open,0.9999159947928115,0.9999568202980433,0.9999557810155214,0.9999988378550829,0.9999988378550829,0.06084170181565095,0.9999174650838087,1.0,0.016999513616665643,0.03899497867756633,0.999762248955153,0.9999929848987765,0.03156940965315904,0.030623632485903357,0.9996475465581239,0.7744923772515911,0.5860407593458921,0.9998304205989482,0.9997486845458403,0.9996071501879988,0.9994270283315282,0.9997894916628276,0.9999120259497731,0.9995469961932483,0.9990649883416644,0.9985748673827372,0.5099665797353695,0.5435771957314145,0.5660711778975303,0.5860407593458921,0.9998446408972786,0.9996508374834239,0.9994568214561608,0.9992132711068743,0.999795384487191,0.9998000580708957,0.9995767667072069,0.9995668642597444,0.9993721744508895,0.9993258096528904,0.9991142367057364,0.9990290107469717,0.9989144286998685,0.999103243278295,0.9995075067734209,0.05046128464362377,0.05333784340736348,0.0009606307303718106,0.9992459280149699,0.9991501829003588,0.9197978005056947,-0.0024106523238874747,0.019778424462584036,-0.0033321576377215285
roc,0.013217123604342896,0.015223761741993818,0.015674093662740606,0.016916584232945064,0.016916584232945064,0.018441658191571366,0.01700176836470661,0.016999513616665643,1.0,0.766602910222366,0.0001699540774595274,0.016182602372691285,0.6866692807467918,0.6619143681924249,-0.004929077789046187,-0.000593619741174202,0.04352931161732738,0.002388927824435511,-0.001188870110280477,-0.006498672786337774,-0.011487115854283466,0.0004379377509207607,0.007910022671158064,-0.008552941644181522,-0.01407597646968982,-0.01675047498620681,0.022039191567798922,0.04267008231331211,0.04977191929187587,0.04352931161732738,0.00572933139764757,-0.0053558123552274765,-0.01118847371972297,-0.015791552029809187,0.005943201885437148,0.0055124461956459776,-0.004678371523063012,-0.006043516153945379,-0.010199583606247483,-0.012195010320667275,-0.014709628171466895,-0.016895478640061603,-0.01141043830201741,-0.008287810932062113,-0.008069083265908236,0.5760717853544256,0.36252909491611174,0.7739986684894526,-0.0001378483517588303,-0.003837239716968609,0.0030225356996003033,-0.007908749429214471,0.01984211565432218,-0.03896859544127599
rsi,0.03506073551015395,0.03708002055953859,0.03758132855565884,0.03889310880697747,0.03889310880697747,0.04243301009181933,0.03909265731041006,0.03899497867756633,0.766602910222366,1.0,0.02475749559840924,0.03811202867521393,0.6486375260902374,0.7566201984519233,0.018006260813894327,0.006064092590114776,0.06557940445427585,0.025950799208659215,0.021994053151780053,0.01637833677345281,0.010505763326882578,0.023873081220983017,0.030832776812570684,0.014230054929145653,0.003968220132521108,-0.0009606967698857225,0.01673762036850099,0.041706051282749845,0.05936535532483523,0.06557940445427585,0.028782848627065448,0.02010732936353482,0.013285283858970386,0.0063302127004567985,0.028804474746768338,0.028758253863477162,0.020562923917726544,0.019641055141977608,0.014196955007143446,0.012352211751900512,0.0075956866208763294,0.005031912013745338,0.008757280165107238,0.01197103218110291,0.013682042467189546,0.7050048655643395,0.5855720765327684,0.5077698811777532,0.025669089669332967,0.02138060528069068,0.016996923625755386,0.01743381151031676,0.022516236719405475,-0.05691990626064299
sma,0.9998288258324821,0.9997971851785701,0.9997689935445637,0.9997641673169568,0.9997641673169568,0.06146911973166618,0.9996810531616416,0.999762248955153,0.0001699540774595274,0.02475749559840924,1.0,0.9997890701502065,0.02092504662621988,0.015799457908130574,0.9999313571627925,0.774794193840565,0.5856613288792416,0.9999868603731005,0.9999763035474243,0.999907407466097,0.9997777374180377,0.999985498832334,0.9999520287767578,0.9998675364355996,0.9994665012563804,0.999009023783268,0.5105579906215565,0.5435049083653117,0.5655825829708736,0.5856613288792416,0.9999746265191125,0.9999680090620603,0.9998392972590993,0.9996296627559056,0.9999303441398171,0.9999250041681293,0.9998906352930552,0.9998873543312513,0.9997423173082559,0.9997208065974573,0.9995182962051329,0.9994579382932297,0.9992198292144745,0.9993778018743346,0.9998391769613122,0.04102809292170921,0.04884220542277814,-0.01617444337419473,0.9994634758339658,0.9994088567808422,0.9199190821818914,-0.002875211020991306,0.020387742325378603,-0.0019257331966277655
wcp,0.9999501569539225,0.9999750275140209,0.9999747636127144,0.9999942766135271,0.9999942766135271,0.060652508594155524,0.9999115219305209,0.9999929848987765,0.016182602372691285,0.03811202867521393,0.9997890701502065,1.0,0.031405341839937005,0.029723427374971162,0.9996736453132488,0.7744018805676384,0.5859333563687794,0.9998545215030975,0.99977405072863,0.9996334174784912,0.9994538028993154,0.99981434495929,0.9999330136334157,0.9995734788385894,0.9990924084285419,0.9986029703238399,0.5098754506729949,0.5434582716063673,0.5659705929677293,0.5859333563687794,0.9998702015255908,0.9996782350431945,0.9994843057280115,0.9992404004832649,0.9998197322727,0.9998268530029202,0.9996025303529985,0.9995959300074974,0.9993977279246314,0.9993552789019946,0.9991393115631328,0.9990582577854152,0.9989406181324194,0.9991219960794221,0.9995340954138343,0.0502988745202769,0.0533418275848454,0.00041469902913248487,0.9992686850750532,0.9991813182504138,0.9198368429236498,-0.002405049943831298,0.019871536463738505,-0.003176919279359873
squeeze,0.030812930232184656,0.030920121996431783,0.0317603030273423,0.03147115602650376,0.03147115602650376,-0.005455994438267257,0.0315688922947367,0.03156940965315904,0.6866692807467918,0.6486375260902374,0.02092504662621988,0.031405341839937005,1.0,0.3929557334890463,0.011022816509974361,-0.020703677449711168,0.042590119743585717,0.020761948586522465,0.01584937473987541,0.009325782575761688,0.003026342702447951,0.018184573428842252,0.02639724124373318,0.006972966061290207,-0.0031210295676652264,-0.0072902967164433724,-0.023498807359735502,0.004622689051080209,0.03201819086259215,0.042590119743585717,0.026010673465030772,0.013524085890724976,0.0034277096110930977,-0.003692218883054487,0.025597451912404468,0.026426218715637384,0.013482509354473742,0.013564189951849109,0.003957001160662577,0.002886925204022318,-0.002775934010976455,-0.00462990621219118,0.001152284339068918,0.0033324016769936842,0.006140107016307777,0.8328359291537945,0.6649291843675685,0.6828908731240648,0.021165687215122124,0.018603752467539342,0.009954230716154387,-0.006047428159739298,0.021771208629574153,-0.015074035049398624
cci,0.026296640407860287,0.028733979208356037,0.029243911625199744,0.030457916381010405,0.030457916381010405,0.023567660801724986,0.030753406696912997,0.030623632485903357,0.6619143681924249,0.7566201984519233,0.015799457908130574,0.029723427374971162,0.3929557334890463,1.0,0.013585037536472612,0.008558382236824626,0.02214154120684473,0.01800377498657358,0.015561079584963526,0.012493217212137996,0.010287504209976612,0.01665461669196418,0.021845048398927064,0.01162252243550606,0.009065708365245307,0.007598764317426303,0.009924214485857048,0.01863134828363971,0.028015854421848785,0.02214154120684473,0.019101015557834142,0.012737177117715593,0.009474451234450752,0.007774572662684019,0.01910210711405631,0.019098107415590978,0.012910099265429001,0.012559388407335257,0.009872458013725624,0.00906630235897013,0.00813361486528705,0.007404507372274303,0.010752635157193968,0.011814602001428445,0.011881950108149629,0.33034732344104023,0.17008687027829433,0.5609243990835925,0.015400546300316356,0.014286986512311459,0.024964959522044996,0.03697895467205901,0.004339217163620293,-0.06608370537754625
rma,0.9997135691723747,0.999686229232698,0.9996480751569266,0.9996492386330221,0.9996492386330221,0.06153634121212711,0.9995668791141117,0.9996475465581239,-0.004929077789046187,0.018006260813894327,0.9999313571627925,0.9996736453132488,0.011022816509974361,0.013585037536472612,1.0,0.7754843351496437,0.5853680457601561,0.9999427262673309,0.9999845711726276,0.999997949899504,0.9999502929762516,0.9999677024726502,0.9998602476282202,0.9999882302782407,0.999747587978586,0.9993750241489839,0.5112099196224698,0.5439204973713724,0.565627181130707,0.5853680457601561,0.9998740046814892,0.9999704862169129,0.9999655157868265,0.9998730148619154,0.9998376053138937,0.9998164176403724,0.9998992650977291,0.999883577482478,0.9998680517032015,0.9998474916390682,0.9997527013981196,0.9997103870204509,0.9994341464402007,0.9995797693448599,0.9999781167130287,0.030193825907956048,0.038240014612612866,-0.019012331153620877,0.9993845963928594,0.9993509396389402,0.9201007966067475,-0.0027457867375739746,0.01997435211794314,-0.0018267326072013534
atr,0.7744411507949834,0.7765466465516595,0.7720569318198857,0.7744692070474222,0.7744692070474222,0.16625692071312353,0.7746160002939315,0.7744923772515911,-0.000593619741174202,0.006064092590114776,0.774794193840565,0.7744018805676384,-0.020703677449711168,0.008558382236824626,0.7754843351496437,1.0,0.8388140431997844,0.774882976566419,0.775144236299797,0.7757090205390607,0.7763819750107319,0.7750110252847165,0.7746531203333376,0.7759486725563972,0.7774762169897383,0.7785449909723837,0.7381879561794686,0.7978013404340569,0.8218216633992277,0.8388140431997844,0.7746428382553047,0.7749901769900567,0.775533052104292,0.7763364485550527,0.778448339532404,0.7707201581025147,0.7805235411763578,0.7692425465539684,0.7822037216871449,0.7685582737870318,0.7841079889173056,0.7681524524225098,0.7609682766476891,0.7882937942183578,0.7759411444112145,-0.04034579268465526,-0.044703890845118506,0.005604782455065442,0.7901288779014801,0.7582054688665035,0.6804602769720505,-0.12528857360832324,-0.03548913723627955,0.006528097209689194
std_dev,0.5859209711488198,0.5877812399258995,0.583900672908869,0.5860000001465324,0.5860000001465324,0.17452876372946693,0.5861360920400217,0.5860407593458921,0.04352931161732738,0.06557940445427585,0.5856613288792416,0.5859333563687794,0.042590119743585717,0.02214154120684473,0.5853680457601561,0.8388140431997844,1.0,0.5856589039387261,0.5855011899006264,0.5853402383907323,0.5853324416817972,0.5855753854437252,0.5858327363236175,0.585316092266723,0.5865960602922261,0.5874443901872656,0.6236047933668998,0.7847828359164193,0.9184355393396739,1.0,0.5857946657211128,0.5854257666062722,0.5849913855411303,0.5845860616673162,0.5893983562562022,0.5820939677167171,0.592301635323483,0.578343682929263,0.5952732749768423,0.5743733200494545,0.5979767039875303,0.5707000657938609,0.562083384729792,0.6035539466489808,0.5853044704424046,0.0364222489039765,0.027459176249101082,0.034872164450012025,0.611895261746606,0.5574487674757684,0.5141838339874661,-0.1532659620942681,-0.05138606066061731,0.0053113051513077455
ema7,0.9998835627817009,0.9998589799431418,0.9998330500206262,0.9998321465650163,0.9998321465650163,0.061421506777259376,0.9997492215390029,0.9998304205989482,0.002388927824435511,0.025950799208659215,0.9999868603731005,0.9998545215030975,0.020761948586522465,0.01800377498657358,0.9999427262673309,0.774882976566419,0.5856589039387261,1.0,0.9999862042474471,0.9999200556155827,0.9997970502109899,0.999996222943984,0.9999789472162862,0.9998823721037255,0.9994968643542719,0.9990486908317422,0.5105586909872116,0.5435820596548842,0.5656691048699329,0.585658903938726,0.9999819684678211,0.9999562796871664,0.999845315455315,0.9996535188634657,0.9999376516165834,0.9999323802942591,0.9998801474636648,0.9998743649067677,0.9997497984244268,0.9997253308598932,0.9995418139949002,0.9994821341896568,0.9992599381144994,0.9994176307138695,0.999855454753977,0.04064444187918324,0.047515410309766186,-0.013328665598879531,0.9994505613725279,0.9993955067819643,0.9199830193727568,-0.002868868403945868,0.020343749155254085,-0.0020859158498282367
ema14,0.9998096085620429,0.9997827222632594,0.9997508347908917,0.9997504245496479,0.9997504245496479,0.061413482581361346,0.9996676762010815,0.9997486845458403,-0.001188870110280477,0.021994053151780053,0.9999763035474243,0.99977405072863,0.01584937473987541,0.015561079584963526,0.9999845711726276,0.775144236299797,0.5855011899006264,0.9999862042474471,1.0,0.9999714925791874,0.999882479957007,0.999996828891922,0.9999332014479827,0.9999466005556713,0.9996242960829015,0.9992074199244372,0.5107791361527712,0.5437030160192875,0.5656081178382611,0.5855011899006264,0.9999431741349963,0.9999815003110039,0.9999213108307146,0.99977303519403,0.9999022214513903,0.9998901626537365,0.9999069591212433,0.9998979643717832,0.999823955664252,0.9998031851676652,0.9996566564070176,0.9996064048236198,0.9993547745491435,0.9995040824784028,0.9999272385142387,0.035697454271036724,0.043349840127605795,-0.016716107544401074,0.9994338834882863,0.999391379509353,0.9200504712368769,-0.0030613011744792993,0.020506784167644204,-0.0018303896226603096
ema21,0.9996744749013976,0.9996472714243037,0.9996069659998075,0.9996088153774239,0.9996088153774239,0.06202516644684182,0.9995266639266496,0.9996071501879988,-0.006498672786337774,0.01637833677345281,0.999907407466097,0.9996334174784912,0.009325782575761688,0.012493217212137996,0.999997949899504,0.7757090205390607,0.5853402383907323,0.9999200556155827,0.9999714925791874,1.0,0.9999680836342897,0.9999498855943202,0.9998280582428819,0.9999959693672998,0.9997876243141378,0.9994337458868263,0.5119747511619039,0.5443060868403624,0.5656665395684022,0.5853402383907323,0.9998426014699422,0.9999575414916204,0.9999717845072559,0.9999005078144336,0.9998080892082258,0.9997832089627828,0.9998880516691062,0.9998688957199403,0.9998749503870382,0.9998531162412205,0.9997792925723271,0.9997387959929223,0.9994551243035653,0.9996014082014206,0.9999893178222583,0.028007164587331355,0.03613215140580195,-0.019686653996764832,0.9993602067096508,0.9993276978036723,0.9201593203021063,-0.003393441270911393,0.020774471213862805,-0.0018630985866183577
ema30,0.9994980933223103,0.9994724140840721,0.9994237447769252,0.9994285998144827,0.9994285998144827,0.06211052438849716,0.9993470278641366,0.9994270283315282,-0.011487115854283466,0.010505763326882578,0.9997777374180377,0.9994538028993154,0.003026342702447951,0.010287504209976612,0.9999502929762516,0.7763819750107319,0.5853324416817972,0.9997970502109899,0.999882479957007,0.9999680836342897,1.0,0.9998438364380925,0.9996733220953221,0.999986615949903,0.9999164581252004,0.9996493587816031,0.5128590640370518,0.5456789119596878,0.5666368705661239,0.5853324416817971,0.9996895004650131,0.9998642494847173,0.9999470913648761,0.99995943333116,0.9996626783915118,0.9996223475332058,0.9998025624177848,0.9997679054319919,0.999854932825143,0.999823864004721,0.9998373454505405,0.9997985986881881,0.9994906954733288,0.9996494633216937,0.9999942035953816,0.019841723134001843,0.02780640348990381,-0.02078925856578964,0.9992333027410779,0.9991951540503067,0.9202925931267694,-0.0036593579542057134,0.02114877341246267,-0.0015592273967316938
ema12,0.9998471562962656,0.999821081029939,0.9997920501109606,0.9997912341809664,0.9997912341809664,0.061419220179986925,0.9997083794031631,0.9997894916628276,0.0004379377509207607,0.023873081220983017,0.999985498832334,0.99981434495929,0.018184573428842252,0.01665461669196418,0.9999677024726502,0.7750110252847165,0.5855753854437252,0.999996222943984,0.999996828891922,0.9999498855943202,0.9998438364380925,1.0,0.9999580787891804,0.9999186227577933,0.9995641810223245,0.9991310468428913,0.5106677637490061,0.5436349758086573,0.5656290540016241,0.5855753854437252,0.999965256360157,0.9999738496701218,0.9998887687918211,0.9997181824968276,0.9999225715021698,0.9999140068679989,0.9998983602194403,0.999891278770665,0.9997921095424044,0.9997699401579989,0.999603985909364,0.9995493321249462,0.9993110408594401,0.9994639421757004,0.9998954698030547,0.03813877882623657,0.04546948506340311,-0.015242531176215627,0.9994458578417933,0.9993976544945952,0.9200169003897947,-0.0029658246860282964,0.020427688108905186,-0.0018908810640989174
ema6,0.999948136370153,0.9999307886323393,0.9999122963415135,0.9999136226236296,0.9999136226236296,0.06130164820300573,0.9998306866165962,0.9999120259497731,0.007910022671158064,0.030832776812570684,0.9999520287767578,0.9999330136334157,0.02639724124373318,0.021845048398927064,0.9998602476282202,0.7746531203333376,0.5858327363236175,0.9999789472162862,0.9999332014479827,0.9998280582428819,0.9996733220953221,0.9999580787891804,1.0,0.9997781047131088,0.999337171384404,0.9988639698351212,0.5102286785982594,0.5435253447783052,0.5658034147208756,0.5858327363236175,0.9999866630617599,0.9998788978772414,0.9997183888115715,0.9994920572102526,0.9999394793154032,0.9999399800439253,0.99980255395026,0.9997972106013651,0.9996265131819617,0.99959471647852,0.9993858637168311,0.9993150722435572,0.9991351286766046,0.9993049889337138,0.9997441664002376,0.04570403227726483,0.05113690395564458,-0.007885378025744736,0.9994236025193173,0.999352463316369,0.9199143193881211,-0.002671197197345296,0.020154225864847244,-0.0024239806458093882
ema24,0.999615901484282,0.9995891086214852,0.9995457317919954,0.9995486259920879,0.9995486259920879,0.06211624976012814,0.9994666763607365,0.9995469961932483,-0.008552941644181522,0.014230054929145653,0.9998675364355996,0.9995734788385894,0.006972966061290207,0.01162252243550606,0.9999882302782407,0.7759486725563972,0.585316092266723,0.9998823721037255,0.9999466005556713,0.9999959693672998,0.999986615949903,0.9999186227577933,0.9997781047131088,1.0,0.9998392150791612,0.9995139536079617,0.5124364379150348,0.5448210287914901,0.5659297588326536,0.585316092266723,0.9997934587384325,0.9999318362340515,0.9999719086604728,0.9999307394687795,0.9997615741603452,0.9997314486335103,0.999864914944384,0.9998406827241465,0.9998762929958714,0.9998520398989676,0.9998086642334638,0.9997699000749024,0.9994768117564412,0.9996256119796252,0.9999983718531693,0.025068951930215955,0.033213077932156616,-0.02032300002507504,0.999320356625066,0.9992879173309447,0.9202043396937323,-0.0035339799717204507,0.020886464281375337,-0.0017547262334302216
ema48,0.9991396390915586,0.9991178497079257,0.9990569048206294,0.9990664707829896,0.9990664707829896,0.06216226273582865,0.9989851766652298,0.9990649883416644,-0.01407597646968982,0.003968220132521108,0.9994665012563804,0.9990924084285419,-0.0031210295676652264,0.009065708365245307,0.999747587978586,0.7774762169897383,0.5865960602922261,0.9994968643542719,0.9996242960829015,0.9997876243141378,0.9999164581252004,0.9995641810223245,0.999337171384404,0.9998392150791612,1.0,0.9999022120080412,0.5141020286382042,0.546928402337061,0.5679300557241024,0.5865960602922261,0.9993538691314962,0.9995932618690473,0.9997592624735203,0.9998871239868722,0.9993403089873112,0.999273251452864,0.9995474853439803,0.9994806718447418,0.9996809632058763,0.999621925309376,0.9997730915603845,0.9997182425563277,0.9993788693249598,0.9995890385037881,0.9998685267792107,0.008733209345244505,0.015321640015371878,-0.018697177328082973,0.9989429851520008,0.9988630834299367,0.9205674619088193,-0.0039759495988843764,0.021975567628241505,-0.0012010368472437228
ema72,0.9986519585002627,0.9986353822952472,0.9985618349957794,0.9985763133001402,0.9985763133001402,0.061655882618762786,0.9984947488785163,0.9985748673827372,-0.01675047498620681,-0.0009606967698857225,0.999009023783268,0.9986029703238399,-0.0072902967164433724,0.007598764317426303,0.9993750241489839,0.7785449909723837,0.5874443901872656,0.9990486908317422,0.9992074199244372,0.9994337458868263,0.9996493587816031,0.9991310468428913,0.9988639698351212,0.9995139536079617,0.9999022120080412,1.0,0.5151346443472244,0.5478915485329123,0.5689205658919093,0.5874443901872656,0.9988805621013322,0.9991629149991316,0.9993889105325575,0.9996085125716968,0.9988818515794422,0.9987848236387568,0.9991374253527303,0.9990295192710096,0.9993320553840568,0.9992294694418961,0.9995135106578047,0.9994198277386733,0.9990469740429543,0.9993440383314346,0.999562588760111,0.00010106306733751826,0.005304907402699061,-0.016098378704715113,0.9985273496822783,0.9983606698157145,0.9209489203725256,-0.003798614521113345,0.02334195542489178,-0.001057089114545847
std_7,0.5099928080173146,0.5128617937285816,0.5066893097818681,0.5099474280107283,0.5099474280107283,0.32448678736070913,0.5100433197087769,0.5099665797353695,0.022039191567798922,0.01673762036850099,0.5105579906215565,0.5098754506729949,-0.023498807359735502,0.009924214485857048,0.5112099196224698,0.7381879561794686,0.6236047933668998,0.5105586909872116,0.5107791361527712,0.5119747511619039,0.5128590640370518,0.5106677637490061,0.5102286785982594,0.5124364379150348,0.5141020286382042,0.5151346443472244,1.0,0.8006681623228837,0.687795545887906,0.6236047933668998,0.5103056084438689,0.5105698474928864,0.5118094773837815,0.5128770159060405,0.5185662861326702,0.5019012258019315,0.5183009888119474,0.5026305100166819,0.5187725762567542,0.504593685138543,0.5194325329006546,0.5060141779310646,0.49896696962800674,0.5249042630626352,0.5116301274104263,-0.05403522286116524,-0.059752141880366,0.0071354706747944864,0.5242651980236165,0.4973968206661712,0.44987905061086736,-0.18203157755356467,-0.03711796368314984,0.006196685625294255
std_14,0.5434607514527258,0.5457044481193305,0.5409868457500264,0.5435448041500713,0.5435448041500713,0.2485021136491566,0.5437292886589299,0.5435771957314145,0.04267008231331211,0.041706051282749845,0.5435049083653117,0.5434582716063673,0.004622689051080209,0.01863134828363971,0.5439204973713724,0.7978013404340569,0.7847828359164193,0.5435820596548842,0.5437030160192875,0.5443060868403624,0.5456789119596878,0.5436349758086573,0.5435253447783052,0.5448210287914901,0.546928402337061,0.5478915485329123,0.8006681623228837,1.0,0.9004503064450008,0.7847828359164193,0.5434929912026673,0.5434986184873722,0.5439256413681137,0.5453706614715581,0.5493305176013821,0.5375366180348485,0.5539220978100261,0.5328175186222818,0.5543100898803148,0.5332120435398632,0.5548314588270031,0.5355220438625111,0.528444700765959,0.5604827039900511,0.5442787267004515,-0.027696868768436113,-0.04019916286391103,0.03330063665171087,0.5632290264564118,0.5246227550734298,0.47902491433736444,-0.19136623219020515,-0.04481550211666813,0.005157355898579697
std_21,0.5659143397133707,0.5679146553397011,0.5638232922525824,0.566046664654869,0.566046664654869,0.21470777541196376,0.5662200260320748,0.5660711778975303,0.04977191929187587,0.05936535532483523,0.5655825829708736,0.5659705929677293,0.03201819086259215,0.028015854421848785,0.565627181130707,0.8218216633992277,0.9184355393396739,0.5656691048699329,0.5656081178382611,0.5656665395684022,0.5666368705661239,0.5656290540016241,0.5658034147208756,0.5659297588326536,0.5679300557241024,0.5689205658919093,0.687795545887906,0.9004503064450008,1.0,0.9184355393396739,0.5657131632391943,0.5654082780484254,0.5651903682707645,0.5660090320020569,0.5701529444750506,0.5611686146053048,0.5741734924938028,0.556409079096585,0.5771137884725093,0.5529019249486405,0.5779552705313964,0.5536081539499212,0.546344241882026,0.5833508089745398,0.5657739962253316,0.007368765889735547,-0.00831986617774922,0.05002896111565718,0.589733282630953,0.5411054074443279,0.49751672873438607,-0.17677886143983687,-0.04747357156444461,0.004204957763189758
std_30,0.5859209711488198,0.5877812399258995,0.583900672908869,0.5860000001465324,0.5860000001465324,0.17452876372946693,0.5861360920400217,0.5860407593458921,0.04352931161732738,0.06557940445427585,0.5856613288792416,0.5859333563687794,0.042590119743585717,0.02214154120684473,0.5853680457601561,0.8388140431997844,1.0,0.585658903938726,0.5855011899006264,0.5853402383907323,0.5853324416817971,0.5855753854437252,0.5858327363236175,0.585316092266723,0.5865960602922261,0.5874443901872656,0.6236047933668998,0.7847828359164193,0.9184355393396739,1.0,0.5857946657211128,0.5854257666062722,0.5849913855411303,0.5845860616673162,0.5893983562562022,0.5820939677167171,0.592301635323483,0.578343682929263,0.5952732749768423,0.5743733200494545,0.5979767039875303,0.5707000657938609,0.562083384729792,0.6035539466489808,0.5853044704424046,0.0364222489039765,0.027459176249101082,0.034872164450012025,0.611895261746606,0.5574487674757684,0.5141838339874661,-0.1532659620942681,-0.05138606066061731,0.0053113051513077455
mean_7,0.9999039478740512,0.9998753161364022,0.9998510947545155,0.9998463250013964,0.9998463250013964,0.06144277251001618,0.9997637447076303,0.9998446408972786,0.00572933139764757,0.028782848627065448,0.9999746265191125,0.9998702015255908,0.026010673465030772,0.019101015557834142,0.9998740046814892,0.7746428382553047,0.5857946657211128,0.9999819684678211,0.9999431741349963,0.9998426014699422,0.9996895004650131,0.999965256360157,0.9999866630617599,0.9997934587384325,0.9993538691314962,0.9988805621013322,0.5103056084438689,0.5434929912026673,0.5657131632391943,0.5857946657211128,1.0,0.9999023396050446,0.9997396824022493,0.999510605876805,0.999953601114601,0.9999525217860201,0.9998253240625444,0.99982133123092,0.9996460035043341,0.9996178453225594,0.9994034088067942,0.9993346437808374,0.9991370415066729,0.9993044604098874,0.9997598866277373,0.045112232287116846,0.051338933093687124,-0.010459540131988708,0.99944411041445,0.9993772189815281,0.9198872690562617,-0.0027162596812380863,0.020230201081974066,-0.0021373433957628117
mean_14,0.9997224876030898,0.9996889334229857,0.9996563358895312,0.9996529387921432,0.9996529387921432,0.06142750004515287,0.9995695345237446,0.9996508374834239,-0.0053558123552274765,0.02010732936353482,0.9999680090620603,0.9996782350431945,0.013524085890724976,0.012737177117715593,0.9999704862169129,0.7749901769900567,0.5854257666062722,0.9999562796871664,0.9999815003110039,0.9999575414916204,0.9998642494847173,0.9999738496701218,0.9998788978772414,0.9999318362340515,0.9995932618690473,0.9991629149991316,0.5105698474928864,0.5434986184873722,0.5654082780484254,0.5854257666062722,0.9999023396050446,1.0,0.999934912485549,0.9997628218132387,0.9998592775817359,0.999851465716916,0.9999222720658039,0.9999197001496409,0.9998339018190011,0.9998205135905422,0.999645023089403,0.999597649102617,0.9993154237690233,0.9994572871605962,0.9999115528938572,0.035192693004939976,0.044431562195818154,-0.021727995684359947,0.9994227557328546,0.9993860973072521,0.9199616106896608,-0.0030802926487656203,0.02056457529598398,-0.001723984444648988
mean_21,0.9995322272152636,0.9995007058156798,0.9994573994035401,0.9994586567623389,0.9994586567623389,0.062036359215538094,0.9993753845527966,0.9994568214561608,-0.01118847371972297,0.013285283858970386,0.9998392972590993,0.9994843057280115,0.0034277096110930977,0.009474451234450752,0.9999655157868265,0.775533052104292,0.5849913855411303,0.999845315455315,0.9999213108307146,0.9999717845072559,0.9999470913648761,0.9998887687918211,0.9997183888115715,0.9999719086604728,0.9997592624735203,0.9993889105325575,0.5118094773837815,0.5439256413681137,0.5651903682707645,0.5849913855411303,0.9997396824022493,0.999934912485549,1.0,0.9999249659471975,0.9997039127637519,0.9996815715387137,0.9998599555635133,0.9998518271873055,0.9998944978617198,0.9998901696224698,0.9997963154778288,0.9997708645972982,0.9994410810580707,0.9995599678878115,0.999966924969722,0.025329628363855914,0.0354132200028386,-0.026276071719349068,0.9992796754231772,0.9992727607203493,0.9200337510200575,-0.003425770355054455,0.02082433186400497,-0.0017946372278682986
mean_30,0.9992889552885669,0.9992625521864265,0.9992079389137914,0.9992146237576909,0.9992146237576909,0.06221134397961156,0.9991339145989537,0.9992132711068743,-0.015791552029809187,0.0063302127004567985,0.9996296627559056,0.9992404004832649,-0.003692218883054487,0.007774572662684019,0.9998730148619154,0.7763364485550527,0.5845860616673162,0.9996535188634657,0.99977303519403,0.9999005078144336,0.99995943333116,0.9997181824968276,0.9994920572102526,0.9999307394687795,0.9998871239868722,0.9996085125716968,0.5128770159060405,0.5453706614715581,0.5660090320020569,0.5845860616673162,0.999510605876805,0.9997628218132387,0.9999249659471975,1.0,0.9994850178619566,0.9994422214590002,0.9996973841362956,0.9996703061936069,0.9998219742241625,0.9998127968618846,0.9998621465897608,0.9998553057009998,0.9995195329401553,0.9996310461488228,0.9999445150138009,0.014589545579741616,0.02399754685056049,-0.026284986732074838,0.9990586519815566,0.9990751459940632,0.920119790143839,-0.0036653569252346643,0.021148939296915286,-0.001379872380574069
stdp7,0.9998545987139824,0.9998582683599367,0.9997650466577235,0.9997967995770728,0.9997967995770728,0.06472338573887323,0.9997158141100563,0.999795384487191,0.005943201885437148,0.028804474746768338,0.9999303441398171,0.9998197322727,0.025597451912404468,0.01910210711405631,0.9998376053138937,0.778448339532404,0.5893983562562022,0.9999376516165834,0.9999022214513903,0.9998080892082258,0.9996626783915118,0.9999225715021698,0.9999394793154032,0.9997615741603452,0.9993403089873112,0.9988818515794422,0.5185662861326702,0.5493305176013821,0.5701529444750506,0.5893983562562022,0.999953601114601,0.9998592775817359,0.9997039127637519,0.9994850178619566,1.0,0.9998122564121287,0.9998693191447381,0.9996897904370918,0.9996887676519652,0.9995019550258128,0.9994518797293526,0.9992331889588443,0.9989577793701031,0.9994148012225991,0.9997297077384051,0.044246876160882034,0.050373642886987285,-0.01031931742553673,0.9995464855786035,0.9991789800220955,0.9196256624241882,-0.00473959908771429,0.019697855008462443,-0.002055615990979925
stdn7,0.999859463119869,0.9997981591738825,0.9998437383076805,0.9998020239901473,0.9998020239901473,0.05811842176483297,0.9997178283751383,0.9998000580708957,0.0055124461956459776,0.028758253863477162,0.9999250041681293,0.9998268530029202,0.026426218715637384,0.019098107415590978,0.9998164176403724,0.7707201581025147,0.5820939677167171,0.9999323802942591,0.9998901626537365,0.9997832089627828,0.9996223475332058,0.9999140068679989,0.9999399800439253,0.9997314486335103,0.999273251452864,0.9987848236387568,0.5019012258019315,0.5375366180348485,0.5611686146053048,0.5820939677167171,0.9999525217860201,0.999851465716916,0.9996815715387137,0.9994422214590002,0.9998122564121287,1.0,0.9996863934292377,0.9998599671204331,0.9995084583205593,0.9996407943536268,0.9992601173951804,0.9993430218816428,0.9992241471603989,0.9990985915157683,0.9996960235222598,0.045983337452553515,0.05231054022058627,-0.010600397000768338,0.9992462863006952,0.9994834987019425,0.9200650509517198,-0.0006692662536129103,0.02076679311215648,-0.0022198140886284497
stdp14,0.9996464590688459,0.9996465045160836,0.9995441010266091,0.9995787255654,0.9995787255654,0.064617898396249,0.9994983856616441,0.9995767667072069,-0.004678371523063012,0.020562923917726544,0.9998906352930552,0.9996025303529985,0.013482509354473742,0.012910099265429001,0.9998992650977291,0.7805235411763578,0.592301635323483,0.9998801474636648,0.9999069591212433,0.9998880516691062,0.9998025624177848,0.9998983602194403,0.99980255395026,0.999864914944384,0.9995474853439803,0.9991374253527303,0.5183009888119474,0.5539220978100261,0.5741734924938028,0.592301635323483,0.9998253240625444,0.9999222720658039,0.9998599555635133,0.9996973841362956,0.9998693191447381,0.9996863934292377,1.0,0.9996839778452531,0.99991403344281,0.9995873353063741,0.9997210914944404,0.9993872557371984,0.9990021992723939,0.9996188406090437,0.9998461329702754,0.03449446911206539,0.043472337996773906,-0.021056280920469288,0.9996253889452886,0.9990155190034348,0.9195785878900966,-0.005897593864271626,0.019731309956018073,-0.0016333298138349252
